====================================================================================================
log_dir=logs/
overal_log_file=log_LOTO_DREAMER_feat_V.txt log_dir=logs/
accuracy=0.8574879227053139
accuracy_std=0.08795720510160929
f1=0.9207399254486953
f1_std=0.05363242852014998
f1_weighted=0.802240049617535
f1_weighted_std=0.10961755759910588
recall=0.9873068960025482
recall_std=0.02772156775973573
precision=0.8647342995169081
precision_std=0.07660890046638577
kappa=-0.017067465181387305
kappa_std=0.03724618492719191
matthews_corrcoef=-0.0234319301051241
matthews_corrcoef_std=0.05158025588525231
====================================================================================================
log_dir=logs/
overal_log_file=log_LOTO_DREAMER_feat_V.txt log_dir=logs/
accuracy=0.8526570048309179
accuracy_std=0.0921047148064619
f1=0.9176618715827528
f1_std=0.056532931379365846
f1_weighted=0.799784506645533
f1_weighted_std=0.11167731590389485
recall=0.9812450230928491
recall_std=0.03170103817981312
precision=0.8637396987780618
precision_std=0.07791124055285353
kappa=-0.024982283282540808
kappa_std=0.04225438406242821
matthews_corrcoef=-0.03369990845165893
matthews_corrcoef_std=0.05811418476599231
