====================================================================================================
log_dir=logs/
overal_log_file=log_LOTO_DREAMER_feat_A_dropout0.1_layers3_hidden256.txt log_dir=logs/
accuracy=0.8067632850241546
accuracy_std=0.14456476335695653
f1=0.8789023445178196
f1_std=0.1048287174747799
f1_weighted=0.7987760077160138
f1_weighted_std=0.13940554286408763
recall=0.8842934665504999
recall_std=0.12173497164510444
precision=0.8756860324954957
precision_std=0.09094409580385164
kappa=nan
kappa_std=nan
matthews_corrcoef=-0.06340798288495939
matthews_corrcoef_std=0.09424213981308706
