====================================================================================================
log_dir=logs/
overal_log_file=log_LOSO_fixed_DREAMER_feat_A.txt log_dir=logs/
accuracy=0.8792270531400966
accuracy_std=0.09503534093191306
f1=0.9315364880149141
f1_std=0.06000998271780881
f1_weighted=0.832417432460746
f1_weighted_std=0.12017943868057336
recall=0.9894091415830546
recall_std=0.03678085102859223
precision=0.8830024763528601
precision_std=0.08705116568499535
kappa=nan
kappa_std=nan
matthews_corrcoef=0.0016768707437202998
matthews_corrcoef_std=0.050335416914555876
====================================================================================================
log_dir=logs/
overal_log_file=log_LOSO_fixed_DREAMER_feat_A.txt log_dir=logs/
accuracy=0.8647342995169083
accuracy_std=0.1277684169607555
f1=0.9210185597719772
f1_std=0.08456544669684193
f1_weighted=0.8219556321444105
f1_weighted_std=0.14230857073383973
recall=0.9724080267558529
recall_std=0.07280491688198856
precision=0.8768892339544515
precision_std=0.1009782729707668
kappa=nan
kappa_std=nan
matthews_corrcoef=-0.0247235629587037
matthews_corrcoef_std=0.07664627083932976
