====================================================================================================
log_dir=logs/
overal_log_file=log_LOTO_DREAMER_feat_A.txt log_dir=logs/
accuracy=0.8743961352657005
accuracy_std=0.10517652684578377
f1=0.9287710327418416
f1_std=0.06555969115442763
f1_weighted=0.8282064309072865
f1_weighted_std=0.12809765050802568
recall=0.9863433667781493
recall_std=0.03744018983892609
precision=0.8803282182438196
precision_std=0.09237309456413817
kappa=nan
kappa_std=nan
matthews_corrcoef=-0.010638204966339306
matthews_corrcoef_std=0.060333643060261115
====================================================================================================
log_dir=logs/
overal_log_file=log_LOTO_DREAMER_feat_A.txt log_dir=logs/
accuracy=0.8695652173913043
accuracy_std=0.11882486836955403
f1=0.9254208645079862
f1_std=0.07596284514142437
f1_weighted=0.8223362093360445
f1_weighted_std=0.1410236277503347
recall=0.9827201783723523
recall_std=0.056785099940758296
precision=0.8774154589371982
precision_std=0.09936832277984115
kappa=nan
kappa_std=nan
matthews_corrcoef=-0.02292826513533107
matthews_corrcoef_std=0.07440542700356581
