====================================================================================================
log_dir=logs/
overal_log_file=log_LOTO_DREAMER_feat_V_dropout0.1_layers3_hidden256.txt log_dir=logs/
accuracy=0.7946859903381643
accuracy_std=0.13552425255174433
f1=0.8761681002844458
f1_std=0.09198140064510052
f1_weighted=0.7781975015543282
f1_weighted_std=0.12904855098223972
recall=0.894835961140309
recall_std=0.10049421161122034
precision=0.859195450755553
precision_std=0.08797813989545067
kappa=-0.041612891427050165
kappa_std=0.15044935413929722
matthews_corrcoef=-0.04350231295508302
matthews_corrcoef_std=0.15174573634047608
====================================================================================================
log_dir=logs/
overal_log_file=log_LOTO_DREAMER_feat_V_dropout0.1_layers3_hidden256.txt log_dir=logs/
accuracy=0.7946859903381643
accuracy_std=0.14228672922727673
f1=0.874887597381666
f1_std=0.09940961525083859
f1_weighted=0.7813864762508823
f1_weighted_std=0.13625326621578038
recall=0.888669163317501
recall_std=0.10951873105525674
precision=0.8626674192530968
precision_std=0.09400073961117543
kappa=-0.01952630495633433
kappa_std=0.2207823845274565
matthews_corrcoef=-0.020970468637474694
matthews_corrcoef_std=0.22250704643643057
