====================================================================================================
log_dir=logs/
overal_log_file=log_LOSO_fixed_DREAMER_feat_V_dropout0.1_layers3_hidden256.txt log_dir=logs/
accuracy=0.7946859903381643
accuracy_std=0.1284061242512272
f1=0.8766721717335856
f1_std=0.08825652617095513
f1_weighted=0.7780656129299117
f1_weighted_std=0.12507973308474535
recall=0.895622897988627
recall_std=0.09645179449422281
precision=0.8599221572687046
precision_std=0.08578669803493608
kappa=-0.04170021769555306
kappa_std=0.14322821683936454
matthews_corrcoef=-0.04439132959691124
matthews_corrcoef_std=0.14559236687873944
